version https://git-lfs.github.com/spec/v1
oid sha256:5423bcb166c8879b7e1be6c32ca10aaf5b3ea53c3f3b93a6b83c14a42bfe861b
size 6410
